#
#Thu Sep 10 15:18:09 EDT 2015
cdt.managedbuild.config.gnu.exe.debug.686585684.277373199=344893366
cdt.managedbuild.config.gnu.exe.debug.686585684=889566526
cdt.managedbuild.config.gnu.exe.debug.686585684.663321574=1039976338
cdt.managedbuild.config.gnu.exe.debug.686585684.415424558=215308618
